compare

24 0.267206
49 0.242915
16 0.004049
122 0.008097
95 0.008097
87 0.457490
78 0.004049

activate

24 0.855721
27 0.014925
49 0.089552
30 0.009950
36 0.009950

predict

24 0.833333
27 0.010753
16 0.005376
57 0.021505
49 0.043011
29 0.016129
114 0.005376
3 0.005376
109 0.021505
112 0.005376
87 0.010753

recognize

24 0.762376
21 0.004950
49 0.024752
29 0.029703
53 0.009901
109 0.108911

reduce

24 0.805000
22 0.010000
49 0.150000
3 0.010000
95 0.010000
87 0.005000

examine

24 0.526104
21 0.004016
16 0.148594
54 0.020080
49 0.281124
122 0.008032
109 0.004016

transcribe

24 0.719424
22 0.007194
49 0.215827
29 0.021583
3 0.007194
122 0.014388
87 0.014388

decrease

24 0.284974
22 0.217617
49 0.082902
16 0.005181
37 0.005181
3 0.056995
122 0.010363
95 0.051813
87 0.274611
78 0.010363

fail

24 0.011858
22 0.079051
63 0.003953
112 0.893281
87 0.007905

follow

24 0.917647
87 0.017647
22 0.058824

regulate

24 0.857143
55 0.004926
53 0.004926
49 0.088670

occur

22 0.224806
16 0.019380
49 0.007752
3 0.042636
5 0.019380
95 0.038760
87 0.562016
78 0.058140

detect

24 0.925620
27 0.008264
49 0.033058
29 0.008264
122 0.004132
36 0.004132

develop

24 0.753012
22 0.030120
49 0.030120
54 0.018072
31 0.024096
16 0.018072
53 0.030120
3 0.018072
5 0.006024
87 0.072289

perform

24 0.785992
22 0.093385
49 0.023346
36 0.085603

increase

24 0.558442
22 0.233766
49 0.077922
3 0.019481
95 0.058442
87 0.051948

treat

24 0.605578
27 0.015936
49 0.231076
29 0.131474

analyze

24 0.810345
49 0.099138
36 0.008621
122 0.008621
109 0.004310
29 0.004310

cause

24 0.912088
53 0.065934
49 0.021978

mutate

24 0.553030
3 0.007576
87 0.015152
22 0.075758
49 0.348485

associate

24 0.008264
23 0.008264
87 0.090909
49 0.892562

express

24 0.883268
27 0.019455
29 0.035019
22 0.023346
49 0.038911

modify

24 0.883871
53 0.038710
49 0.070968

induce

24 0.934156
53 0.008230
49 0.057613

produce

24 0.905138
49 0.086957

generate

24 0.876033
29 0.004132
49 0.057851
31 0.008264
36 0.033058

improve

24 0.771084
22 0.088353
49 0.012048
16 0.004016
122 0.008032
36 0.004016
3 0.040161
87 0.032129

inhibit

24 0.883178
27 0.009346
49 0.060748
29 0.004673
36 0.004673
87 0.004673

contain

24 0.988372

enhance

24 0.876543
27 0.004115
49 0.049383
31 0.016461
41 0.045267
122 0.004115

